0.000098 
0.000068 
0.000078 
0.000071 
0.000072 
0.000096 
0.000074 
0.000070 
0.000081 
0.000066 
0.000076 
0.000078 
0.000075 
0.000068 
0.000073 
0.000071 
0.000073 
0.000073 
0.000073 
0.000095 
0.000072 
0.000067 
0.000074 
0.000076 
0.000072 
0.000079 
0.000078 
0.000068 
0.000092 
0.000070 
0.000073 
0.000072 
0.000066 
0.000067 
0.000075 
0.000069 
0.000071 
0.000067 
0.000066 
0.000071 
0.000074 
0.000077 
0.000069 
0.000077 
0.000077 
0.000081 
0.000076 
0.000068 
0.000104 
0.000073 
0.000067 
0.000078 
0.000068 
0.000075 
0.000073 
0.000076 
0.000073 
0.000230 
0.000069 
0.000068 
0.000072 
0.000072 
0.000074 
0.000066 
0.000077 
0.000077 
0.000075 
0.000782 
0.000078 
0.000073 
0.000079 
0.000072 
0.000072 
0.000074 
0.000065 
0.000072 
0.000066 
0.000087 
0.000069 
0.000076 
0.000064 
0.000068 
0.000073 
0.000074 
0.000067 
0.000071 
0.000072 
0.000069 
0.000073 
0.000074 
0.000070 
0.000072 
0.000079 
0.000068 
0.000070 
0.000073 
0.000074 
0.000081 
0.000074 
0.000076 
