0.048055 
0.037983 
0.046499 
0.037368 
0.045974 
0.038880 
0.038733 
0.038148 
0.041092 
0.044530 
0.036371 
0.038390 
0.039859 
0.038186 
0.036619 
0.040995 
0.035755 
0.038335 
0.039959 
0.037992 
0.037141 
0.037320 
0.076417 
0.060381 
0.038098 
0.060058 
0.042215 
0.037898 
0.035944 
0.042443 
0.036143 
0.035995 
0.038823 
0.036540 
0.041402 
0.037994 
0.038423 
0.040233 
0.042429 
0.038137 
0.036439 
0.037070 
0.047473 
0.035901 
0.038157 
0.058183 
0.046021 
0.042651 
0.036951 
0.038464 
0.037849 
0.036410 
0.037835 
0.037853 
0.036773 
0.039176 
0.038097 
0.037869 
0.038042 
0.039883 
0.040333 
0.035918 
0.039810 
0.036076 
0.037368 
0.050933 
0.039319 
0.055604 
0.084232 
0.035532 
0.038483 
0.035973 
0.036000 
0.038320 
0.036649 
0.037308 
0.046517 
0.037824 
0.035342 
0.038635 
0.038206 
0.037498 
0.040361 
0.040576 
0.036939 
0.044883 
0.037495 
0.042640 
0.053918 
0.059201 
0.053675 
0.039748 
0.049094 
0.038854 
0.038964 
0.040724 
0.037822 
0.044929 
0.040704 
0.040322 
