0.124488 
0.032531 
0.031541 
0.031701 
0.031614 
0.030893 
0.032320 
0.032311 
0.031863 
0.032181 
0.032778 
0.033298 
0.032761 
0.032395 
0.032292 
0.032601 
0.032881 
0.032580 
0.032529 
0.032283 
0.032478 
0.031805 
0.032053 
0.032094 
0.029070 
0.031287 
0.032695 
0.032177 
0.032424 
0.032047 
0.032434 
0.032590 
0.032317 
0.032393 
0.032306 
0.033427 
0.032794 
0.030915 
0.029939 
0.028703 
0.029970 
0.029195 
0.030862 
0.034157 
0.029633 
0.031541 
0.031757 
0.030645 
0.030717 
0.031379 
0.030533 
0.031207 
0.028042 
0.029323 
0.027838 
0.030898 
0.028192 
0.030274 
0.030287 
0.031150 
0.032360 
0.030056 
0.031588 
0.031552 
0.028520 
0.030522 
0.030908 
0.031112 
0.031198 
0.028875 
0.031451 
0.034084 
0.030114 
0.029633 
0.030384 
0.031106 
0.032853 
0.030478 
0.030568 
0.033235 
0.031592 
0.035858 
0.031286 
0.032336 
0.031000 
0.031175 
0.030070 
0.028640 
0.030405 
0.031854 
0.032225 
0.028991 
0.031821 
0.033935 
0.032062 
0.029950 
0.033403 
0.034062 
0.030635 
0.034628 
