0.139745 
0.122760 
0.130417 
0.129598 
0.140933 
0.133778 
0.125283 
0.137245 
0.139496 
0.128992 
0.143217 
0.139464 
0.156929 
0.121897 
0.127148 
0.137399 
0.128572 
0.128009 
0.124393 
0.140200 
0.132910 
0.131777 
0.127839 
0.129579 
0.127534 
0.129383 
0.129784 
0.133949 
0.137487 
0.118161 
0.122856 
0.129607 
0.123312 
0.129850 
0.123995 
0.134940 
0.134549 
0.144593 
0.126816 
0.138027 
0.124717 
0.119537 
0.130623 
0.123261 
0.122461 
0.133802 
0.145843 
0.131050 
0.133442 
0.129922 
0.120740 
0.125068 
0.140535 
0.134706 
0.122058 
0.128646 
0.114470 
0.128914 
0.128181 
0.133207 
0.128505 
0.131484 
0.128009 
0.134242 
0.107729 
0.111431 
0.118452 
0.110049 
0.110716 
0.107398 
0.106947 
0.114319 
0.119466 
0.114873 
0.105795 
0.116788 
0.114111 
0.109412 
0.114775 
0.107538 
0.117213 
0.126928 
0.116178 
0.126816 
0.106397 
0.103402 
0.113621 
0.106745 
0.108774 
0.124450 
0.112772 
0.126479 
0.110800 
0.122550 
0.121089 
0.113683 
0.115126 
0.112689 
0.111996 
0.114450 
0.119348 
0.117702 
0.112193 
0.110528 
0.105898 
0.119892 
0.107197 
0.111954 
0.120984 
0.122032 
0.107696 
0.108421 
0.118574 
0.109315 
0.111125 
0.102423 
0.117976 
0.108141 
0.102350 
0.104516 
0.115098 
0.109245 
0.105155 
0.114779 
0.101987 
0.106471 
0.108919 
0.115803 
0.117331 
0.095092 
0.111622 
0.113489 
0.113130 
0.112894 
0.122393 
0.109516 
0.105007 
0.109884 
0.106702 
0.111959 
0.106453 
0.119062 
0.104583 
0.104177 
0.124881 
0.110308 
0.120006 
0.117434 
0.122162 
0.119868 
0.104375 
0.127547 
0.103075 
0.101480 
0.105227 
0.105547 
0.115664 
0.126621 
0.134291 
0.119196 
0.120756 
0.109162 
0.106078 
0.113615 
