0.000099 
0.000066 
0.000075 
0.000068 
0.000068 
0.000136 
0.000077 
0.000101 
0.000094 
0.000065 
0.000076 
0.000067 
0.000066 
0.000069 
0.000063 
0.000068 
0.000066 
0.000074 
0.000083 
0.000074 
0.000069 
0.000072 
0.000075 
0.000073 
0.000069 
0.000071 
0.000077 
0.000071 
0.000068 
0.000075 
0.000064 
0.000073 
0.000068 
0.000074 
0.000074 
0.000072 
0.000061 
0.000085 
0.000072 
0.000061 
0.000066 
0.000104 
0.000069 
0.000066 
0.000069 
0.000069 
0.000067 
0.000070 
0.000077 
0.000067 
0.000065 
0.000067 
0.000642 
0.000074 
0.000093 
0.000076 
0.000093 
0.000076 
0.000070 
0.000071 
0.000076 
0.000067 
0.000088 
0.000081 
0.000066 
0.000070 
0.000081 
0.000076 
0.000064 
0.000074 
0.000122 
0.000067 
0.000066 
0.000067 
0.000088 
0.000072 
0.000069 
0.000063 
0.000071 
0.000237 
0.000067 
0.000063 
0.000125 
0.000066 
0.000066 
0.000076 
0.000226 
0.000063 
0.000075 
0.000073 
0.000076 
0.000065 
0.000064 
0.000093 
0.000068 
0.000091 
0.000074 
0.000103 
0.000076 
0.000066 
