0.049757 
0.035903 
0.045501 
0.043872 
0.035166 
0.038530 
0.041190 
0.036631 
0.040500 
0.040213 
0.036278 
0.039777 
0.046172 
0.043195 
0.037436 
0.039640 
0.035656 
0.044209 
0.040274 
0.040032 
0.036395 
0.040845 
0.059437 
0.047558 
0.043357 
0.070232 
0.042142 
0.046725 
0.053682 
0.050124 
0.035519 
0.038081 
0.042227 
0.051620 
0.035757 
0.064855 
0.038072 
0.053032 
0.043068 
0.038639 
0.040188 
0.036060 
0.038869 
0.048847 
0.040674 
0.037338 
0.038260 
0.034963 
0.036998 
0.043132 
0.046786 
0.036492 
0.043857 
0.041346 
0.038198 
0.041434 
0.040414 
0.038585 
0.044190 
0.043218 
0.057278 
0.058784 
0.065665 
0.044963 
0.057092 
0.038649 
0.084040 
0.037301 
0.052803 
0.040139 
0.036521 
0.043313 
0.037662 
0.036779 
0.038767 
0.039123 
0.037654 
0.044843 
0.038517 
0.043070 
0.039834 
0.040491 
0.038545 
0.054959 
0.037780 
0.037034 
0.043767 
0.044010 
0.054674 
0.081287 
0.041541 
0.051350 
0.035527 
0.041246 
0.044534 
0.036115 
0.047837 
0.039631 
0.038965 
0.041200 
