0.000088 
0.000065 
0.000083 
0.000074 
0.000073 
0.000068 
0.000078 
0.000073 
0.000068 
0.000150 
0.000068 
0.000075 
0.000069 
0.000077 
0.000108 
0.000076 
0.000072 
0.000069 
0.000079 
0.000081 
0.000070 
0.000074 
0.000086 
0.000088 
0.000097 
0.000077 
0.000092 
0.000071 
0.000072 
0.000082 
0.000077 
0.000074 
0.000068 
0.000112 
0.000089 
0.000072 
0.000066 
0.000076 
0.000068 
0.000073 
0.000082 
0.000069 
0.000099 
0.000111 
0.000072 
0.000071 
0.000071 
0.000067 
0.000066 
0.000084 
0.000067 
0.000090 
0.000071 
0.000076 
0.000075 
0.000081 
0.000078 
0.000074 
0.000069 
0.000075 
0.000068 
0.000076 
0.000101 
0.000071 
0.000072 
0.000071 
0.000201 
0.000077 
0.000069 
0.000091 
0.000075 
0.002908 
0.000077 
0.000094 
0.000070 
0.000087 
0.000086 
0.000073 
0.000080 
0.000079 
0.000067 
0.000068 
0.000090 
0.000074 
0.000068 
0.000073 
0.000079 
0.000076 
0.000080 
0.000074 
0.000070 
0.000076 
0.000076 
0.000619 
0.000066 
0.000075 
0.000073 
0.000071 
0.000080 
0.000066 
