0.059251 
0.055213 
0.068026 
0.048223 
0.055093 
0.058893 
0.051722 
0.054792 
0.057638 
0.054466 
0.054536 
0.057504 
0.055031 
0.057111 
0.057778 
0.056214 
0.074827 
0.065616 
0.060137 
0.057255 
0.083744 
0.072117 
0.145559 
0.067079 
0.069920 
0.075961 
0.077874 
0.053946 
0.053727 
0.124337 
0.133088 
0.139488 
0.074824 
0.117833 
0.145145 
0.061436 
0.055174 
0.058227 
0.057722 
0.050282 
0.054026 
0.070974 
0.123260 
0.118062 
0.069728 
0.061855 
0.060189 
0.060062 
0.066983 
0.054950 
0.062828 
0.056534 
0.053492 
0.051968 
0.056790 
0.069380 
0.061683 
0.053155 
0.062111 
0.064215 
0.077465 
0.061583 
0.078347 
0.095215 
0.052469 
0.052152 
0.052871 
0.055399 
0.079438 
0.064231 
0.074519 
0.074575 
0.057020 
0.063183 
0.070993 
0.106116 
0.061174 
0.074598 
0.055405 
0.055376 
0.056863 
0.054147 
0.055871 
0.056728 
0.065777 
0.052855 
0.078292 
0.056188 
0.061499 
0.065457 
0.108119 
0.054486 
0.058039 
0.057157 
0.061237 
0.055551 
0.071279 
0.054310 
0.062297 
0.054244 
