0.049937 
0.036123 
0.045700 
0.044087 
0.035371 
0.038758 
0.041352 
0.036861 
0.040714 
0.040414 
0.036515 
0.039999 
0.046286 
0.043409 
0.037546 
0.039846 
0.036084 
0.044334 
0.040417 
0.040226 
0.036670 
0.041053 
0.059651 
0.047784 
0.043561 
0.070422 
0.042265 
0.046953 
0.053879 
0.050360 
0.038673 
0.038831 
0.042430 
0.051822 
0.035960 
0.064988 
0.038267 
0.053214 
0.043358 
0.038831 
0.040413 
0.036275 
0.039058 
0.049008 
0.040877 
0.037535 
0.038436 
0.035159 
0.037193 
0.043336 
0.046973 
0.036653 
0.044085 
0.042509 
0.038409 
0.041583 
0.040632 
0.038726 
0.044432 
0.043429 
0.057512 
0.058984 
0.065899 
0.045111 
0.057565 
0.038852 
0.084261 
0.037423 
0.053032 
0.040345 
0.036720 
0.043467 
0.037850 
0.036973 
0.038998 
0.039333 
0.037856 
0.045261 
0.038729 
0.043255 
0.040018 
0.040679 
0.038753 
0.055159 
0.037974 
0.037226 
0.043943 
0.044266 
0.054883 
0.081490 
0.041750 
0.051547 
0.035768 
0.041470 
0.044731 
0.036313 
0.048036 
0.039856 
0.039169 
0.041404 
