0.048221 
0.038198 
0.046749 
0.037525 
0.046093 
0.039071 
0.038941 
0.038352 
0.041236 
0.044739 
0.036589 
0.038577 
0.040074 
0.038601 
0.036746 
0.041200 
0.035891 
0.038532 
0.040084 
0.038269 
0.037355 
0.037534 
0.076626 
0.060584 
0.038304 
0.060281 
0.042455 
0.038104 
0.036157 
0.042756 
0.036498 
0.036204 
0.038936 
0.036730 
0.041531 
0.038189 
0.038653 
0.040467 
0.042636 
0.038333 
0.036652 
0.037256 
0.047718 
0.036124 
0.038302 
0.058391 
0.046240 
0.042853 
0.037219 
0.038665 
0.038047 
0.036547 
0.038337 
0.038005 
0.036966 
0.039388 
0.038282 
0.038086 
0.038250 
0.040019 
0.040561 
0.036118 
0.040023 
0.036268 
0.037585 
0.051139 
0.039487 
0.055829 
0.084467 
0.035650 
0.038687 
0.036108 
0.036196 
0.038443 
0.036993 
0.037435 
0.046718 
0.037981 
0.035519 
0.038757 
0.038406 
0.037667 
0.040562 
0.040704 
0.037127 
0.045008 
0.037678 
0.042841 
0.054119 
0.059328 
0.053881 
0.039945 
0.049284 
0.039059 
0.039190 
0.040919 
0.038023 
0.045153 
0.040827 
0.040520 
