0.039963 
0.036400 
0.034710 
0.034347 
0.034498 
0.036681 
0.032763 
0.035076 
0.033274 
0.033236 
0.034760 
0.033066 
0.034779 
0.036399 
0.039671 
0.033935 
0.033046 
0.035305 
0.034257 
0.036183 
0.033226 
0.033955 
0.035509 
0.035046 
0.034491 
0.033868 
0.036169 
0.034427 
0.035033 
0.035506 
0.036460 
0.033684 
0.033152 
0.034257 
0.034989 
0.033014 
0.034798 
0.035691 
0.038361 
0.167404 
0.033208 
0.033228 
0.036017 
0.036478 
0.034728 
0.034183 
0.036778 
0.037343 
0.047043 
0.035220 
0.034869 
0.035512 
0.035227 
0.035362 
0.040903 
0.034620 
0.035082 
0.035180 
0.035540 
0.035308 
0.033758 
0.033416 
0.034529 
0.037516 
0.034173 
0.110532 
0.044906 
0.037917 
0.038196 
0.064566 
0.035450 
0.033969 
0.036323 
0.036271 
0.034182 
0.035924 
0.034939 
0.034427 
0.035517 
0.035671 
0.034878 
0.034491 
0.035592 
0.034119 
0.034428 
0.033375 
0.033974 
0.035959 
0.033532 
0.035548 
0.035297 
0.035502 
0.122007 
0.035212 
0.035721 
0.035941 
0.034667 
0.035084 
0.035943 
0.034494 
