0.039183 
0.035686 
0.033986 
0.033802 
0.033793 
0.035977 
0.032038 
0.034330 
0.032563 
0.032542 
0.034033 
0.032364 
0.034049 
0.035713 
0.038928 
0.033207 
0.032339 
0.034602 
0.033461 
0.035474 
0.032524 
0.033352 
0.034825 
0.034327 
0.033805 
0.033160 
0.035408 
0.033733 
0.034319 
0.034780 
0.035715 
0.032961 
0.032453 
0.033513 
0.034226 
0.032408 
0.034112 
0.034980 
0.036952 
0.166778 
0.032637 
0.032705 
0.035266 
0.035748 
0.033992 
0.033518 
0.036073 
0.036510 
0.046330 
0.034458 
0.034128 
0.034982 
0.034519 
0.034750 
0.040178 
0.033818 
0.034319 
0.034395 
0.034825 
0.034586 
0.032944 
0.032826 
0.033801 
0.036775 
0.033437 
0.109834 
0.044221 
0.037203 
0.037504 
0.063861 
0.034606 
0.033348 
0.035544 
0.035523 
0.033352 
0.035198 
0.034403 
0.033685 
0.034793 
0.034972 
0.034173 
0.033762 
0.034873 
0.033451 
0.033698 
0.032701 
0.033246 
0.035142 
0.032818 
0.034811 
0.034634 
0.034030 
0.121440 
0.034430 
0.034941 
0.035137 
0.033941 
0.034266 
0.035236 
0.033750 
