0.055370 
0.048599 
0.047857 
0.047769 
0.049767 
0.048903 
0.051534 
0.048101 
0.050455 
0.052569 
0.049347 
0.049936 
0.050387 
0.049676 
0.046533 
0.047248 
0.268737 
0.047167 
0.170429 
0.047687 
0.049558 
0.045945 
0.050513 
0.049385 
0.048029 
0.047363 
0.047765 
0.047205 
0.048559 
0.050027 
0.046539 
0.046446 
0.080982 
0.049725 
0.049685 
0.049567 
0.048209 
0.047694 
0.195926 
0.050243 
0.048887 
0.051918 
0.047439 
0.049099 
0.047793 
0.048451 
0.050383 
0.050005 
0.049693 
0.049661 
0.049046 
0.049528 
0.049400 
0.044922 
0.047453 
0.046454 
0.045376 
0.049990 
0.046440 
0.146381 
0.047009 
0.046388 
0.049349 
0.049658 
0.048464 
0.056446 
0.048552 
0.048199 
0.047335 
0.046658 
0.048841 
0.047270 
0.048595 
0.047058 
0.043990 
0.043793 
0.046889 
0.049830 
0.048943 
0.049365 
0.045594 
0.047885 
0.049833 
0.046757 
0.047535 
0.049171 
0.061930 
0.060025 
0.049683 
0.046870 
0.049702 
0.049215 
0.047294 
0.049973 
0.049967 
0.050603 
0.049543 
0.106772 
0.132813 
0.049966 
