0.054553 
0.047817 
0.047142 
0.046990 
0.049059 
0.048178 
0.050755 
0.047389 
0.049924 
0.051875 
0.048625 
0.049273 
0.049656 
0.049022 
0.045833 
0.046478 
0.268054 
0.046453 
0.169686 
0.047115 
0.048975 
0.045194 
0.049791 
0.048783 
0.047289 
0.046774 
0.047041 
0.046437 
0.047820 
0.049291 
0.045753 
0.045794 
0.080346 
0.049143 
0.048964 
0.049012 
0.047478 
0.046883 
0.195154 
0.049529 
0.048124 
0.051185 
0.046671 
0.048306 
0.047095 
0.047907 
0.049593 
0.049325 
0.048828 
0.048861 
0.048483 
0.048684 
0.048632 
0.044186 
0.046742 
0.045750 
0.044816 
0.049262 
0.045642 
0.145514 
0.046236 
0.045649 
0.048502 
0.048902 
0.047698 
0.055690 
0.047704 
0.047449 
0.046602 
0.046080 
0.048132 
0.046561 
0.047872 
0.046344 
0.043349 
0.043057 
0.046225 
0.049062 
0.048210 
0.048569 
0.044837 
0.047206 
0.049017 
0.046019 
0.046816 
0.048470 
0.061216 
0.059296 
0.049141 
0.046205 
0.049175 
0.048484 
0.046575 
0.049248 
0.049243 
0.049871 
0.048802 
0.106084 
0.132112 
0.049244 
