0.000133 
0.000084 
0.000063 
0.000076 
0.000072 
0.000106 
0.000078 
0.000072 
0.000066 
0.000067 
0.000070 
0.000077 
0.000069 
0.000092 
0.000074 
0.000079 
0.000138 
0.000075 
0.000068 
0.000064 
0.000070 
0.000063 
0.000067 
0.000063 
0.000073 
0.000063 
0.000072 
0.000073 
0.000072 
0.000064 
0.000073 
0.000069 
0.000063 
0.000063 
0.000071 
0.000072 
0.000064 
0.000065 
0.000125 
0.000081 
0.000064 
0.000080 
0.000067 
0.000065 
0.000084 
0.000073 
0.000064 
0.000071 
0.000059 
0.000062 
0.000065 
0.000069 
0.000071 
0.000064 
0.000108 
0.000074 
0.000063 
0.000075 
0.000071 
0.000068 
0.000061 
0.000119 
0.000063 
0.000067 
0.000077 
0.000069 
0.000066 
0.000074 
0.000064 
0.000068 
0.000078 
0.000067 
0.000069 
0.000071 
0.000069 
0.000072 
0.000075 
0.000067 
0.000068 
0.000081 
0.000081 
0.000071 
0.000072 
0.000076 
0.000064 
0.000073 
0.000065 
0.000072 
0.000065 
0.000074 
0.000071 
0.000067 
0.000076 
0.000079 
0.000105 
0.000070 
0.000074 
0.000073 
0.000066 
0.000070 
