0.033190 
0.036056 
0.032939 
0.038994 
0.036327 
0.031548 
0.034753 
0.032481 
0.036695 
0.032977 
0.034232 
0.036390 
0.033868 
0.035738 
0.046318 
0.030975 
0.036252 
0.032280 
0.036879 
0.034404 
0.035981 
0.036837 
0.032082 
0.036040 
0.032550 
0.037818 
0.047711 
0.035271 
0.033592 
0.037944 
0.030899 
0.037243 
0.031854 
0.032877 
0.032707 
0.035801 
0.032312 
0.038824 
0.035271 
0.032613 
0.034574 
0.030941 
0.032493 
0.034721 
0.036247 
0.037541 
0.031122 
0.037732 
0.032865 
0.035759 
0.039160 
0.035448 
0.036885 
0.050537 
0.033745 
0.043461 
0.032346 
0.031968 
0.036950 
0.032946 
0.037786 
0.036958 
0.035067 
0.036148 
0.034189 
0.050234 
0.038399 
0.033349 
0.037160 
0.043721 
0.034811 
0.035621 
0.032184 
0.035126 
0.031941 
0.037181 
0.038668 
0.032249 
0.040117 
0.039377 
0.033393 
0.032957 
0.033758 
0.036132 
0.032574 
0.032174 
0.041453 
0.033106 
0.038141 
0.032402 
0.031943 
0.036625 
0.031839 
0.038070 
0.032164 
0.034254 
0.033137 
0.033273 
0.034744 
0.033912 
