0.045819 
0.038415 
0.036602 
0.040576 
0.038366 
0.036232 
0.036624 
0.038400 
0.039410 
0.036927 
0.038197 
0.037411 
0.036698 
0.042583 
0.036889 
0.037608 
0.037663 
0.185050 
0.039678 
0.088236 
0.039274 
0.036571 
0.038328 
0.038115 
0.039047 
0.036674 
0.037089 
0.038555 
0.036494 
0.039213 
0.036606 
0.039172 
0.039475 
0.039299 
0.039716 
0.038770 
0.039410 
0.038583 
0.039620 
0.042131 
0.037787 
0.038118 
0.039684 
0.038169 
0.038134 
0.038329 
0.036561 
0.036914 
0.039283 
0.035011 
0.039121 
0.043243 
0.046688 
0.038551 
0.038000 
0.040388 
0.057681 
0.037812 
0.039123 
0.036497 
0.037881 
0.038171 
0.039771 
0.035858 
0.038764 
0.038201 
0.039054 
0.114624 
0.037858 
0.037520 
0.036800 
0.038720 
0.036721 
0.044326 
0.040358 
0.036343 
0.036452 
0.036618 
0.037758 
0.036977 
0.036328 
0.037944 
0.036469 
0.036639 
0.036287 
0.036773 
0.037582 
0.035035 
0.038234 
0.037637 
0.038210 
0.036900 
0.036860 
0.038625 
0.039773 
0.037789 
0.036696 
0.038501 
0.038426 
0.038432 
