0.043914 
0.041234 
0.039180 
0.049089 
0.041885 
0.038925 
0.039079 
0.041278 
0.140604 
0.037866 
0.039670 
0.039171 
0.038972 
0.038805 
0.037626 
0.040057 
0.040879 
0.038918 
0.038594 
0.040375 
0.038451 
0.040798 
0.040242 
0.038809 
0.041370 
0.040584 
0.040862 
0.043074 
0.037839 
0.040993 
0.039116 
0.040374 
0.149904 
0.039109 
0.037905 
0.039543 
0.040213 
0.040999 
0.040772 
0.039495 
0.037837 
0.041786 
0.038820 
0.041820 
0.040728 
0.040799 
0.039021 
0.039738 
0.039373 
0.040389 
0.039485 
0.037011 
0.039956 
0.039984 
0.040762 
0.037862 
0.213908 
0.041061 
0.042226 
0.143289 
0.042208 
0.039904 
0.061920 
0.058919 
0.039546 
0.043971 
0.039085 
0.039982 
0.040496 
0.041091 
0.042999 
0.039122 
0.040281 
0.038060 
0.040064 
0.052270 
0.039412 
0.041540 
0.041720 
0.040586 
0.043235 
0.041212 
0.136702 
0.039526 
0.044158 
0.040964 
0.041752 
0.043233 
0.042667 
0.040552 
0.041261 
0.041435 
0.037457 
0.047762 
0.041917 
0.041362 
0.041686 
0.041752 
0.042025 
0.042164 
