0.059403 
0.055430 
0.068193 
0.048354 
0.055326 
0.059015 
0.051862 
0.055012 
0.057769 
0.054664 
0.054779 
0.057724 
0.055243 
0.057326 
0.057994 
0.056450 
0.075216 
0.065814 
0.060341 
0.057390 
0.083958 
0.072322 
0.145831 
0.067301 
0.070169 
0.076232 
0.078089 
0.054128 
0.053928 
0.125358 
0.133303 
0.139737 
0.074952 
0.118074 
0.145403 
0.061701 
0.055387 
0.058449 
0.057906 
0.050408 
0.054239 
0.071243 
0.123507 
0.118312 
0.069947 
0.062107 
0.060401 
0.060257 
0.067199 
0.055080 
0.063040 
0.056746 
0.053712 
0.052182 
0.056998 
0.069510 
0.061872 
0.053378 
0.062307 
0.064353 
0.077666 
0.061789 
0.078559 
0.095429 
0.052675 
0.052381 
0.053090 
0.055609 
0.079628 
0.064438 
0.074712 
0.074785 
0.057213 
0.063391 
0.071186 
0.106330 
0.061379 
0.074805 
0.055614 
0.055572 
0.057123 
0.054394 
0.056080 
0.056924 
0.066068 
0.053056 
0.078514 
0.056425 
0.061715 
0.065671 
0.108390 
0.054609 
0.058299 
0.057305 
0.061433 
0.055764 
0.071478 
0.054434 
0.062450 
0.054363 
