0.198580 
0.175242 
0.183371 
0.184412 
0.180400 
0.180190 
0.180291 
0.177422 
0.192644 
0.185686 
0.215611 
0.181382 
0.195347 
0.183493 
0.170538 
0.189326 
0.179422 
0.170732 
0.182892 
0.178454 
0.176109 
0.181813 
0.188673 
0.168395 
0.180034 
0.162344 
0.189701 
0.176222 
0.193039 
0.179248 
0.172474 
0.174447 
0.172041 
0.182707 
0.180669 
0.174020 
0.177482 
0.186591 
0.178950 
0.178903 
0.185085 
0.191108 
0.165804 
0.167793 
0.177874 
0.174881 
0.169581 
0.180075 
0.175218 
0.176933 
0.167843 
0.193918 
0.202870 
0.177245 
0.183388 
0.209542 
0.177095 
0.158246 
0.169777 
0.180636 
0.178106 
0.178499 
0.193152 
0.185899 
0.178907 
0.177622 
0.182586 
0.181407 
0.174701 
0.167959 
0.188290 
0.163661 
0.170965 
0.169772 
0.185468 
0.177797 
0.176811 
0.173275 
0.182675 
0.174826 
0.189930 
0.176230 
0.170907 
0.174350 
0.172360 
0.183336 
0.174944 
0.173897 
0.186839 
0.174714 
0.183744 
0.178019 
0.185112 
0.171858 
0.187424 
0.203227 
0.176160 
0.170590 
0.164788 
0.180503 
