1.298322 
2.456944 
0.197821 
0.174481 
0.182628 
0.183856 
0.179646 
0.179390 
0.179542 
0.176658 
0.191854 
0.185016 
0.214866 
0.180673 
0.194564 
0.182703 
0.169818 
0.188584 
0.178666 
0.170002 
0.182136 
0.177881 
0.175309 
0.181091 
0.187908 
0.167605 
0.179265 
0.161607 
0.188890 
0.175485 
0.192322 
0.178507 
0.171709 
0.173708 
0.171300 
0.181958 
0.180101 
0.173280 
0.176741 
0.185791 
0.178172 
0.178131 
0.184380 
0.190265 
0.165034 
0.167011 
0.177157 
0.174124 
0.168901 
0.179310 
0.174452 
0.176183 
0.167046 
0.193137 
0.202272 
0.176465 
0.182570 
0.208802 
0.176295 
0.157471 
0.169146 
0.179822 
0.177315 
0.177787 
0.192413 
0.185094 
0.178089 
0.176874 
0.181786 
0.180556 
0.173910 
0.167226 
0.187453 
0.163029 
0.170138 
0.169010 
0.184718 
0.177029 
0.176041 
0.172528 
0.181874 
0.174058 
0.189218 
0.175457 
0.170079 
0.173567 
0.171567 
0.182502 
0.174135 
0.173105 
0.186076 
0.173972 
0.183173 
0.177273 
0.184362 
0.171105 
0.186836 
0.202477 
0.175400 
0.169797 
0.164020 
0.179746 
0.133302 
0.199313 
0.138388 
0.130835 
0.131970 
0.129533 
0.126143 
0.121309 
0.123694 
0.117599 
0.127884 
0.119378 
0.118566 
0.129363 
0.127021 
0.120800 
0.124955 
0.125586 
0.152835 
0.138030 
0.128368 
0.138944 
0.117807 
0.194417 
0.122144 
0.116990 
0.126187 
0.143073 
0.129481 
0.128693 
0.241272 
0.126469 
0.113748 
0.133173 
0.138008 
0.131895 
0.133792 
0.126907 
0.148444 
0.128577 
0.131619 
0.141228 
0.124170 
0.136338 
0.138920 
0.118752 
0.130302 
0.132167 
0.143079 
0.117201 
