0.007636 
0.005558 
0.005076 
0.005866 
0.004702 
0.004772 
0.004437 
0.005167 
0.004731 
0.004455 
0.005264 
0.005139 
0.005027 
0.004964 
0.004860 
0.004451 
0.004720 
0.004970 
0.004591 
0.004453 
0.004429 
0.005182 
0.004951 
0.005077 
0.005140 
0.005825 
0.004857 
0.005894 
0.005041 
0.004893 
0.004484 
0.004512 
0.004945 
0.004719 
0.004573 
0.005634 
0.006003 
0.005681 
0.005212 
0.004562 
0.004614 
0.004290 
0.005131 
0.004869 
0.005632 
0.004495 
0.004560 
0.004514 
0.005105 
0.004527 
0.004298 
0.005822 
0.004777 
0.004566 
0.004485 
0.004490 
0.004789 
0.004608 
0.004647 
0.004813 
0.004877 
0.004855 
0.005056 
0.004594 
0.004841 
0.005180 
0.004811 
0.004648 
0.004792 
0.004518 
0.004471 
0.004664 
0.004700 
0.004672 
0.005100 
0.004751 
0.004799 
0.004927 
0.005036 
0.004547 
0.004957 
0.004448 
0.005123 
0.004508 
0.004649 
0.004440 
0.004582 
0.007200 
0.005262 
0.004416 
0.004673 
0.005085 
0.004674 
0.005261 
0.004952 
0.004726 
0.004601 
0.004749 
0.004813 
0.004647 
