0.000110 
0.000097 
0.000075 
0.000071 
0.000068 
0.000067 
0.000064 
0.000059 
0.000061 
0.000064 
0.000071 
0.000100 
0.000070 
0.000075 
0.000071 
0.000062 
0.000068 
0.000074 
0.000072 
0.000068 
0.000070 
0.000086 
0.000285 
0.000069 
0.000066 
0.000070 
0.000070 
0.000065 
0.000071 
0.000074 
0.000068 
0.000060 
0.000073 
0.000070 
0.000084 
0.000065 
0.000064 
0.000074 
0.000065 
0.000072 
0.003056 
0.000061 
0.000062 
0.000070 
0.000075 
0.000069 
0.000060 
0.000101 
0.000072 
0.000073 
0.000062 
0.000073 
0.000087 
0.000068 
0.000059 
0.000069 
0.000080 
0.000071 
0.000070 
0.000067 
0.000082 
0.000062 
0.000069 
0.000068 
0.000072 
0.000066 
0.000060 
0.000064 
0.000074 
0.000080 
0.000065 
0.000078 
0.000072 
0.000066 
0.000065 
0.000065 
0.000070 
0.000110 
0.000066 
0.000064 
0.000074 
0.000069 
0.000059 
0.000071 
0.000072 
0.000067 
0.000059 
0.000069 
0.000074 
0.000098 
0.000062 
0.000075 
0.000309 
0.000062 
0.000063 
0.000062 
0.000072 
0.000063 
0.000067 
0.000063 
