0.007194 
0.005333 
0.004871 
0.005643 
0.004575 
0.004645 
0.004302 
0.004900 
0.004546 
0.004267 
0.004934 
0.004894 
0.004839 
0.004755 
0.004726 
0.004310 
0.004533 
0.004756 
0.004454 
0.004308 
0.004226 
0.004866 
0.004824 
0.004864 
0.004842 
0.005704 
0.004721 
0.005709 
0.004835 
0.004761 
0.004350 
0.004315 
0.004634 
0.004591 
0.004442 
0.005435 
0.005477 
0.005497 
0.005010 
0.004377 
0.004464 
0.004174 
0.004917 
0.004678 
0.005428 
0.004366 
0.004353 
0.004332 
0.004800 
0.004388 
0.004171 
0.005516 
0.004581 
0.004424 
0.004363 
0.004249 
0.004576 
0.004450 
0.004500 
0.004611 
0.004627 
0.004728 
0.004789 
0.004376 
0.004706 
0.004971 
0.004574 
0.004453 
0.004663 
0.004393 
0.004264 
0.004414 
0.004503 
0.004446 
0.004885 
0.004508 
0.004590 
0.004557 
0.004823 
0.004347 
0.004658 
0.004317 
0.004903 
0.004307 
0.004451 
0.004302 
0.004300 
0.006913 
0.005042 
0.004271 
0.004480 
0.004864 
0.004553 
0.005131 
0.004663 
0.004516 
0.004479 
0.004629 
0.004612 
0.004462 
