0.134045 
0.200090 
0.139207 
0.131616 
0.132730 
0.130131 
0.126958 
0.122045 
0.124461 
0.118389 
0.128658 
0.120104 
0.119390 
0.130137 
0.127828 
0.121598 
0.125804 
0.126378 
0.153659 
0.138804 
0.129144 
0.139728 
0.118421 
0.195098 
0.122925 
0.117778 
0.126902 
0.143842 
0.130247 
0.129440 
0.241994 
0.127267 
0.114482 
0.133963 
0.138752 
0.132637 
0.134590 
0.127731 
0.149217 
0.129310 
0.132381 
0.142025 
0.124727 
0.136856 
0.139587 
0.119495 
0.131060 
0.132915 
0.143805 
0.117938 
0.128893 
0.138063 
0.120162 
0.118203 
0.135333 
0.124282 
0.135343 
0.125975 
0.124325 
0.133745 
0.134521 
0.139533 
0.131347 
0.155982 
0.120598 
0.128743 
0.114439 
0.118474 
0.121215 
0.128481 
0.119495 
0.191837 
0.124181 
0.125432 
0.131722 
0.129480 
0.125264 
0.142584 
0.139073 
0.119822 
0.135651 
0.124788 
0.128455 
0.138750 
0.119068 
0.248764 
0.129938 
0.116394 
0.142170 
0.118619 
0.136273 
0.120239 
0.126788 
0.120217 
0.121993 
0.127338 
0.132210 
0.116799 
0.131134 
0.135752 
