0.042781 
0.019751 
0.019525 
0.019964 
0.019711 
0.019396 
0.019713 
0.019166 
0.019785 
0.019552 
0.019587 
0.019555 
0.019552 
0.019111 
0.018605 
0.018960 
0.019033 
0.018738 
0.018834 
0.018439 
0.018843 
0.019629 
0.019310 
0.019860 
0.020046 
0.019268 
0.019784 
0.020031 
0.019698 
0.019949 
0.020020 
0.019461 
0.019698 
0.019689 
0.019894 
0.019543 
0.019783 
0.019301 
0.019592 
0.019948 
0.019577 
0.020285 
0.019537 
0.018921 
0.019510 
0.019653 
0.019038 
0.019315 
0.019556 
0.018953 
0.019555 
0.019664 
0.019828 
0.021047 
0.019706 
0.019778 
0.019469 
0.019494 
0.019640 
0.019710 
0.020005 
0.020100 
0.019948 
0.019176 
0.019191 
0.019428 
0.019336 
0.019545 
0.019663 
0.019529 
0.019454 
0.019460 
0.019359 
0.019365 
0.019374 
0.019839 
0.020211 
0.019498 
0.019799 
0.020102 
0.019597 
0.019716 
0.019530 
0.019793 
0.019661 
0.019796 
0.019676 
0.019859 
0.019642 
0.019532 
0.019709 
0.019980 
0.019528 
0.019392 
0.019149 
0.019578 
0.019585 
0.019100 
0.019333 
0.019504 
0.048010 
0.031507 
0.030706 
0.031435 
0.030789 
0.030437 
0.031425 
0.031077 
0.031152 
0.031149 
0.031248 
0.031788 
0.030994 
0.031491 
0.031217 
0.030664 
0.031274 
0.031261 
0.031136 
0.030997 
0.028690 
0.030296 
0.031226 
0.031335 
0.031222 
0.030954 
0.031005 
0.031149 
0.031214 
0.030984 
0.031631 
0.030994 
0.031101 
0.031308 
0.031252 
0.031088 
0.031018 
0.031933 
0.031750 
0.031640 
0.031493 
0.031452 
0.031455 
0.031724 
0.031777 
0.031615 
0.031201 
0.031888 
0.031148 
0.030698 
0.031526 
0.031277 
0.031598 
0.030906 
0.030780 
0.030739 
0.030478 
0.031384 
0.031251 
0.031531 
0.031414 
0.031271 
0.031152 
0.030854 
0.031570 
0.030686 
0.031361 
0.031313 
0.031435 
0.030781 
0.031128 
0.031079 
0.030270 
0.031104 
0.031090 
0.030863 
0.031015 
0.030923 
0.031073 
0.031409 
0.031238 
0.031247 
0.031157 
0.031036 
0.031444 
0.031181 
0.031277 
0.031059 
0.031130 
0.030895 
0.031026 
0.031323 
0.031362 
0.030728 
0.030991 
0.031304 
0.031665 
0.031390 
0.031283 
0.031773 
0.123749 
0.031789 
0.030800 
0.030963 
0.030892 
0.030230 
0.031559 
0.031584 
0.031064 
0.031518 
0.031999 
0.032507 
0.032037 
0.031687 
0.031530 
0.031866 
0.032116 
0.031868 
0.031771 
0.031555 
0.031738 
0.031128 
0.031390 
0.031327 
0.028395 
0.030707 
0.031951 
0.031690 
0.031718 
0.031438 
0.031669 
0.031882 
0.031518 
0.031893 
0.031531 
0.032592 
0.032040 
0.030179 
0.029234 
0.028001 
0.029235 
0.028432 
0.030164 
0.033410 
0.028862 
0.030825 
0.031004 
0.029942 
0.030005 
0.030620 
0.029808 
0.030458 
0.027444 
0.028615 
0.027113 
0.030181 
0.027478 
0.029592 
0.029567 
0.030512 
0.031666 
0.029359 
0.030872 
0.030750 
0.027873 
0.029789 
0.030198 
0.030399 
0.030662 
0.028122 
0.030689 
0.033323 
0.029512 
0.028906 
0.029658 
0.030465 
0.032072 
0.029749 
0.029720 
0.032544 
0.030906 
0.035087 
0.030661 
0.031610 
0.030491 
0.030469 
0.029315 
0.027950 
0.029973 
0.031141 
0.031534 
0.028295 
0.031313 
0.033250 
0.031305 
0.028958 
0.032623 
0.033501 
0.029272 
0.033839 
0.030341 
0.020213 
0.020300 
0.019601 
0.019993 
0.019695 
0.019591 
0.019626 
0.019797 
0.019321 
0.019264 
0.020011 
0.019533 
0.018953 
0.019396 
0.019793 
0.019453 
0.020010 
0.019771 
0.020035 
0.020144 
0.020509 
0.019464 
0.017333 
0.020226 
0.021845 
0.029880 
0.019225 
0.019802 
0.019954 
0.019404 
0.019577 
0.018549 
0.020336 
0.019789 
0.018292 
0.030302 
0.019834 
0.019915 
0.019446 
0.019872 
0.019667 
0.019603 
0.019659 
0.019965 
0.019510 
0.019171 
0.019766 
0.019422 
0.019370 
0.020927 
0.019010 
0.020179 
0.019730 
0.019861 
0.019689 
0.020603 
0.019507 
0.020833 
0.020908 
0.019556 
0.019523 
0.020382 
0.019439 
0.020169 
0.019654 
0.020928 
0.020031 
0.020015 
0.020103 
0.020133 
0.019617 
0.019507 
0.019336 
0.019302 
0.019730 
0.020511 
0.024391 
0.020076 
0.020335 
0.020105 
0.020301 
0.019410 
0.019693 
0.020221 
0.019883 
0.021837 
0.022317 
0.018610 
0.020175 
0.019834 
0.019463 
0.019996 
0.020530 
0.020292 
0.020687 
0.020184 
0.020241 
0.020150 
0.020876 
