0.000626 
0.000616 
0.000573 
0.000475 
0.000483 
0.000419 
0.000556 
0.000495 
0.000489 
0.000532 
0.000568 
0.000551 
0.000471 
0.000562 
0.000552 
0.000467 
0.000493 
0.000600 
0.000532 
0.000481 
0.000563 
0.000540 
0.000633 
0.000488 
0.000503 
0.000527 
0.000530 
0.000516 
0.000530 
0.000518 
0.000514 
0.000499 
0.000630 
0.000554 
0.000469 
0.000462 
0.000552 
0.000466 
0.000608 
0.000493 
0.000592 
0.000538 
0.000238 
0.000549 
0.000571 
0.000517 
0.000549 
0.000497 
0.000488 
0.000508 
0.000518 
0.000538 
0.000459 
0.000562 
0.000192 
0.000508 
0.000585 
0.000609 
0.000547 
0.000623 
0.000597 
0.000590 
0.000526 
0.000572 
0.000499 
0.000501 
0.000428 
0.000525 
0.000492 
0.000516 
0.000574 
0.000584 
0.000468 
0.000484 
0.000468 
0.000575 
0.000562 
0.000634 
0.000592 
0.000305 
0.000469 
0.000598 
0.000535 
0.000571 
0.000531 
0.000222 
0.000526 
0.000574 
0.000554 
0.000531 
0.000533 
0.000314 
0.000466 
0.000481 
0.000510 
0.000622 
0.000513 
0.000551 
0.000529 
0.000267 
0.000539 
