0.051946 
0.035614 
0.034596 
0.037853 
0.041045 
0.035349 
0.035268 
0.034898 
0.035136 
0.094675 
0.035754 
0.036237 
0.034832 
0.035306 
0.034960 
0.034626 
0.035093 
0.036074 
0.035109 
0.034866 
0.032089 
0.036107 
0.035885 
0.036948 
0.035158 
0.034880 
0.035853 
0.036009 
0.034931 
0.051915 
0.035646 
0.034912 
0.041079 
0.036425 
0.035438 
0.035184 
0.034941 
0.036862 
0.035663 
0.035705 
0.035339 
0.035400 
0.036460 
0.035583 
0.035742 
0.036105 
0.122768 
0.036352 
0.034899 
0.046204 
0.037010 
0.036013 
0.035469 
0.036841 
0.040056 
0.035314 
0.034616 
0.034949 
0.037489 
0.035611 
0.038788 
0.036755 
0.036911 
0.034743 
0.035665 
0.034785 
0.036244 
0.040251 
0.035263 
0.043167 
0.034900 
0.035025 
0.161282 
0.044711 
0.040834 
0.034767 
0.036073 
0.034948 
0.034743 
0.035186 
0.035095 
0.035351 
0.037469 
0.037984 
0.035462 
0.035146 
0.040610 
0.036221 
0.035794 
0.048045 
0.035001 
0.035201 
0.035905 
0.034579 
0.035707 
0.037531 
0.035695 
0.035032 
0.035381 
0.225773 
