0.037717 
0.034169 
0.034382 
0.034470 
0.034823 
0.033749 
0.034210 
0.033770 
0.033623 
0.034305 
0.034966 
0.034628 
0.034939 
0.033648 
0.035555 
0.033566 
0.036180 
0.033765 
0.035529 
0.033995 
0.035592 
0.034555 
0.035871 
0.048707 
0.036723 
0.033975 
0.034156 
0.033385 
0.049450 
0.035494 
0.034268 
0.035098 
0.033569 
0.035637 
0.033628 
0.034100 
0.032248 
0.035509 
0.036656 
0.035931 
0.033392 
0.040678 
0.034372 
0.035784 
0.114572 
0.035926 
0.034149 
0.033787 
0.035295 
0.033549 
0.035185 
0.035523 
0.033266 
0.034245 
0.034006 
0.036051 
0.033810 
0.035824 
0.036580 
0.034221 
0.033339 
0.036369 
0.036018 
0.035417 
0.034724 
0.033688 
0.099352 
0.036342 
0.035572 
0.035694 
0.034620 
0.033535 
0.034434 
0.033062 
0.040475 
0.040918 
0.035993 
0.033951 
0.036143 
0.036026 
0.035318 
0.036070 
0.035673 
0.034933 
0.036840 
0.033571 
0.034261 
0.034628 
0.040874 
0.033445 
0.036244 
0.033949 
0.036212 
0.034501 
0.035396 
0.035041 
0.035417 
0.032951 
0.034377 
0.036095 
