0.128150 
0.137447 
0.119410 
0.117585 
0.134501 
0.123679 
0.134547 
0.125199 
0.123565 
0.132963 
0.133761 
0.138677 
0.130592 
0.155428 
0.119994 
0.127945 
0.113628 
0.117674 
0.120461 
0.127693 
0.118709 
0.191057 
0.123453 
0.124612 
0.131042 
0.128738 
0.124543 
0.141793 
0.138300 
0.119041 
0.134807 
0.124016 
0.127784 
0.138034 
0.118301 
0.248039 
0.129216 
0.115657 
0.141385 
0.117839 
0.135497 
0.119460 
0.126149 
0.119438 
0.121238 
0.126756 
0.131454 
0.116024 
0.130358 
0.135010 
0.135810 
0.155354 
0.138812 
0.137625 
0.139269 
0.139649 
0.139240 
0.146141 
0.152201 
0.142432 
0.139250 
0.146498 
0.145774 
0.144159 
0.138413 
0.148116 
0.140297 
0.149333 
0.144813 
0.141590 
0.131433 
0.146510 
0.143784 
0.139633 
0.139132 
0.148329 
0.151783 
0.146575 
0.153508 
0.145924 
0.135765 
0.154948 
0.143166 
0.139553 
0.139889 
0.148661 
0.141386 
0.147065 
0.139470 
0.138858 
0.137128 
0.133688 
0.155129 
0.132925 
0.138913 
0.130831 
0.139790 
0.132460 
0.139804 
0.142763 
0.142331 
0.144582 
0.149693 
0.136075 
0.137705 
0.143618 
0.135341 
0.150065 
0.148435 
0.149738 
0.133440 
0.150942 
0.149280 
0.143464 
0.137539 
0.134936 
0.139056 
0.149468 
0.137109 
0.155633 
0.146451 
0.145635 
0.141994 
0.130727 
0.133590 
0.128092 
0.150055 
0.139831 
0.136937 
0.142220 
0.157933 
0.154451 
0.149747 
0.141394 
0.147666 
0.145343 
0.145910 
0.155748 
0.144446 
0.141103 
0.142823 
0.132858 
0.149619 
0.150147 
0.140531 
0.143374 
0.134127 
0.152403 
0.136505 
0.142803 
0.139549 
0.136849 
0.133857 
0.135471 
0.146520 
0.121081 
0.122100 
0.135454 
0.129746 
0.119448 
0.138219 
0.148499 
0.142788 
0.137679 
0.127117 
0.132765 
0.138344 
0.135782 
0.142657 
0.123271 
0.129093 
0.141036 
0.139289 
0.135020 
0.114857 
0.114986 
0.126853 
0.119696 
0.134203 
0.123788 
0.123689 
0.132557 
0.135129 
0.134339 
0.123096 
0.144486 
