0.033692 
0.036270 
0.033125 
0.039233 
0.036551 
0.031721 
0.034978 
0.032620 
0.037772 
0.033160 
0.034431 
0.036518 
0.034109 
0.035975 
0.046541 
0.031176 
0.036462 
0.032514 
0.037077 
0.034606 
0.036100 
0.036954 
0.032265 
0.036245 
0.032677 
0.038040 
0.047905 
0.035495 
0.033721 
0.038155 
0.031098 
0.037372 
0.031990 
0.033068 
0.032901 
0.036005 
0.032538 
0.039015 
0.035448 
0.032746 
0.034788 
0.031204 
0.032684 
0.034956 
0.036385 
0.037728 
0.031333 
0.037864 
0.033030 
0.035982 
0.039467 
0.035585 
0.037069 
0.050721 
0.033932 
0.043591 
0.032469 
0.032152 
0.037170 
0.033078 
0.037995 
0.037092 
0.035200 
0.036358 
0.034396 
0.050509 
0.038594 
0.033480 
0.037353 
0.043913 
0.035012 
0.035821 
0.032392 
0.035256 
0.032087 
0.037471 
0.038891 
0.032459 
0.040315 
0.039591 
0.033653 
0.033153 
0.033988 
0.036335 
0.032789 
0.032363 
0.041649 
0.033232 
0.038337 
0.036236 
0.032181 
0.036844 
0.032034 
0.038300 
0.032307 
0.034474 
0.033335 
0.033486 
0.034880 
0.034149 
