0.000067 
0.000072 
0.000064 
0.000080 
0.000072 
0.000105 
0.000070 
0.000066 
0.000070 
0.000062 
0.000074 
0.000070 
0.000077 
0.000071 
0.000075 
0.000070 
0.000063 
0.000073 
0.000068 
0.000069 
0.000081 
0.000063 
0.000071 
0.000069 
0.000068 
0.000080 
0.000064 
0.000073 
0.000073 
0.000074 
0.002099 
0.000069 
0.000074 
0.000065 
0.000075 
0.000066 
0.000066 
0.000061 
0.000073 
0.000073 
0.000073 
0.000087 
0.000071 
0.000068 
0.000061 
0.000322 
0.000071 
0.000066 
0.000063 
0.000067 
0.000078 
0.000068 
0.000066 
0.000066 
0.000070 
0.000070 
0.000064 
0.000071 
0.000077 
0.000067 
0.000071 
0.000062 
0.000064 
0.000073 
0.000078 
0.000065 
0.000063 
0.000069 
0.000074 
0.000070 
0.000071 
0.000178 
0.000084 
0.000072 
0.000108 
0.000085 
0.000067 
0.000063 
0.000068 
0.000064 
0.000064 
0.000066 
0.000063 
0.000066 
0.000070 
0.000072 
0.000063 
0.000068 
0.000075 
0.000083 
0.000077 
0.000066 
0.000068 
0.000068 
0.000097 
0.000070 
0.000099 
0.000074 
0.000063 
0.000060 
