0.108582 
0.112195 
0.119046 
0.110819 
0.111505 
0.108068 
0.107705 
0.115053 
0.120311 
0.115445 
0.106580 
0.117585 
0.114874 
0.110186 
0.115513 
0.108313 
0.117970 
0.127707 
0.116944 
0.127587 
0.107151 
0.104158 
0.114383 
0.107485 
0.109527 
0.125244 
0.113543 
0.127227 
0.111544 
0.123273 
0.121801 
0.114252 
0.115819 
0.113427 
0.112532 
0.115219 
0.120098 
0.118496 
0.112912 
0.111267 
0.106638 
0.120558 
0.107887 
0.112709 
0.121748 
0.122777 
0.108474 
0.109168 
0.119314 
0.110104 
0.111875 
0.103097 
0.118603 
0.108890 
0.103065 
0.105112 
0.115812 
0.110004 
0.105681 
0.115372 
0.102748 
0.107217 
0.109654 
0.116532 
0.118098 
0.095859 
0.112415 
0.114246 
0.113935 
0.113711 
0.123177 
0.110362 
0.105803 
0.110661 
0.107504 
0.112775 
0.107203 
0.119779 
0.105369 
0.104963 
0.125436 
0.111075 
0.120598 
0.118225 
0.122947 
0.120612 
0.105138 
0.128309 
0.103815 
0.102222 
0.106001 
0.106233 
0.116414 
0.127417 
0.135036 
0.119952 
0.121582 
0.109955 
0.106686 
0.114353 
