0.032218 
0.030178 
0.032565 
0.030951 
0.028711 
0.030854 
0.031866 
0.031914 
0.031617 
0.028868 
0.031681 
0.029334 
0.032008 
0.029649 
0.032014 
0.031605 
0.040156 
0.032292 
0.029382 
0.032522 
0.030917 
0.031732 
0.030894 
0.029620 
0.030622 
0.030556 
0.032031 
0.030730 
0.030891 
0.147548 
0.030836 
0.030275 
0.030857 
0.032003 
0.030956 
0.029917 
0.030734 
0.029327 
0.029363 
0.030895 
0.029785 
0.029961 
0.030760 
0.030566 
0.030787 
0.029129 
0.029291 
0.031486 
0.029278 
0.028706 
0.028903 
0.030619 
0.029510 
0.030557 
0.030583 
0.040108 
0.042866 
0.031762 
0.029662 
0.138618 
0.030669 
0.031947 
0.029251 
0.030714 
0.028918 
0.031135 
0.029033 
0.031337 
0.031266 
0.033903 
0.030232 
0.033816 
0.031228 
0.050892 
0.031167 
0.031484 
0.031091 
0.029865 
0.029138 
0.028844 
0.028819 
0.030173 
0.029720 
0.030983 
0.029455 
0.030459 
0.027823 
0.030824 
0.028965 
0.129119 
0.030602 
0.031352 
0.029276 
0.031485 
0.031376 
0.029857 
0.033114 
0.030744 
0.031006 
0.028673 
