0.036392 
0.033269 
0.029368 
0.031528 
0.029759 
0.030240 
0.028595 
0.030248 
0.030206 
0.030832 
0.032054 
0.030257 
0.028337 
0.030983 
0.028260 
0.031043 
0.029887 
0.030981 
0.030758 
0.028593 
0.030293 
0.056160 
0.028594 
0.030854 
0.032309 
0.032717 
0.031515 
0.030148 
0.031891 
0.028753 
0.029336 
0.031261 
0.031428 
0.032955 
0.030670 
0.029528 
0.032104 
0.033473 
0.030633 
0.033520 
0.032074 
0.029399 
0.029373 
0.030797 
0.029271 
0.032184 
0.032190 
0.029005 
0.028573 
0.031659 
0.032045 
0.030115 
0.043735 
0.032448 
0.028907 
0.028259 
0.029716 
0.030694 
0.033112 
0.053401 
0.075791 
0.028543 
0.029582 
0.031536 
0.031403 
0.029156 
0.030272 
0.031347 
0.029362 
0.030803 
0.029301 
0.029418 
0.028376 
0.031444 
0.029018 
0.028765 
0.031736 
0.029518 
0.030617 
0.029515 
0.029020 
0.031231 
0.029320 
0.029311 
0.038522 
0.030392 
0.030910 
0.028748 
0.029762 
0.030749 
0.030270 
0.029827 
0.030506 
0.030612 
0.029545 
0.029431 
0.028965 
0.031111 
0.031916 
0.029462 
