0.042722 
0.042541 
0.048218 
0.040689 
0.042925 
0.043929 
0.047898 
0.041278 
0.043280 
0.044717 
0.042179 
0.088129 
0.072393 
0.048299 
0.041401 
0.043066 
0.043424 
0.040723 
0.276658 
0.040958 
0.045587 
0.046771 
0.045064 
0.042266 
0.041617 
0.045584 
0.051153 
0.044891 
0.043386 
0.041669 
0.043490 
0.041103 
0.044059 
0.045696 
0.047144 
0.045022 
0.047065 
0.046054 
0.042388 
0.040896 
0.046974 
0.044444 
0.044237 
0.047655 
0.048427 
0.065886 
0.078896 
0.044885 
0.042325 
0.044865 
0.043981 
0.048430 
0.045667 
0.051763 
0.040915 
0.045519 
0.042042 
0.041214 
0.045699 
0.043354 
0.039011 
0.045011 
0.045171 
0.042146 
0.043951 
0.043475 
0.041947 
0.039634 
13.152829 
0.045919 
0.071898 
0.069790 
0.048010 
0.043147 
0.045035 
0.040653 
0.047252 
0.042893 
0.043910 
0.041696 
0.048309 
0.041107 
0.040820 
0.043430 
0.056439 
0.049020 
0.044948 
0.041191 
0.045625 
0.046938 
0.071290 
0.089757 
0.041837 
0.058658 
0.082700 
0.088619 
0.078815 
0.043322 
0.048318 
0.040569 
