0.042373 
0.042338 
0.048012 
0.040464 
0.042806 
0.043712 
0.047651 
0.041167 
0.043074 
0.044606 
0.041986 
0.087930 
0.072201 
0.048077 
0.041197 
0.042951 
0.043236 
0.040602 
0.276461 
0.040753 
0.045457 
0.046567 
0.044884 
0.042058 
0.041419 
0.045370 
0.050943 
0.044627 
0.043260 
0.041479 
0.043259 
0.040891 
0.043926 
0.045503 
0.046903 
0.044830 
0.046946 
0.045847 
0.042169 
0.040655 
0.046775 
0.044245 
0.044050 
0.047539 
0.048089 
0.065701 
0.078708 
0.044678 
0.042136 
0.044659 
0.043781 
0.048236 
0.045471 
0.051444 
0.040691 
0.045401 
0.041841 
0.040989 
0.045475 
0.043162 
0.038893 
0.044777 
0.044969 
0.041942 
0.043728 
0.043254 
0.041721 
0.039516 
13.152625 
0.045733 
0.071707 
0.069593 
0.047807 
0.042953 
0.044772 
0.040452 
0.047039 
0.042637 
0.043783 
0.041583 
0.048115 
0.040880 
0.040698 
0.043280 
0.056138 
0.048899 
0.044759 
0.040998 
0.045385 
0.046707 
0.071157 
0.089528 
0.041632 
0.058442 
0.082450 
0.088276 
0.078624 
0.042198 
0.048132 
0.040450 
